14
52 53 54 55
56 57 58 59
60 61 62 63
0 1 2 3
4 5 6 7
8 9 10 11
12 13 14 15
20 21 22 23
24 25 26 27
28 29 30 31
32 33 34 35
36 37 38 39
40 41 42 43
44 45 46 47
2700 -4300 2680 -4280 2720 -4280 2700 -4260
2500 -4650 2480 -4630 2520 -4630 2500 -4610
2300 -4300 2280 -4280 2320 -4280 2300 -4260
2100 -3950 2080 -3930 2120 -3930 2100 -3910
1900 -3600 1880 -3580 1920 -3580 1900 -3560
2500 -3950 2480 -3930 2520 -3930 2500 -3910
2300 -3600 2280 -3580 2320 -3580 2300 -3560
2900 -3950 2880 -3930 2920 -3930 2900 -3910
3100 -3600 3080 -3580 3120 -3580 3100 -3560
3300 -3950 3280 -3930 3320 -3930 3300 -3910
3500 -4300 3480 -4280 3520 -4280 3500 -4260
3700 -4650 3680 -4630 3720 -4630 3700 -4610
3100 -4300 3080 -4280 3120 -4280 3100 -4260
3300 -4650 3280 -4630 3320 -4630 3300 -4610
